&SECTION1
CENTER=43           !<-Identification of Originating/Generating center (See commom code table C1 and C11 )
SUBCENTER=255       !<-Sub-center of generating center (See common code C12)
/
! Note:  255 or -99999999   <- Missing value

!-------------------------
! Location identification 
!-------------------------
&STATION_ID
LATITUDE=-1.43583
LONGITUDE=-48.43722
WIGOS=0-76-0-1501402000W82191
WMO=82191
HTEMP=1.5
HA= 7.1
SMC_TEMP=7
SMC_PREC=7

METHOD_TM=3
/

! *** Maximum temperature ***
&STIME_TX
HOUR=00
MINUTE=00
SECOND=01
DT=-1
/

! *** Minimum temperature ***
&STIME_TN
HOUR=12
MINUTE=00
SECOND=01
DT=-1
/

! *** Meam temperature ***
&STIME_TM
HOUR=00
MINUTE=00
SECOND=01
DT=-1
/

! *** Total Acumulate precipitation (RR) ***
&STIME_RR
HOUR=12
MINUTE=00
SECOND=01
DT=-1
/

! *** fresh snow (DS) ***
&STIME_DS
HOUR=255
MINUTE=255
SECOND=255
DT=255
/

! *** total snow deph (TSD) ***
&STIME_TSD
HOUR=255
MINUTE=255
SECOND=255
DT=255
/


&DATA_SECTION
!date,rr(mm),qrr,ds,qds,tsd,qtsd,tn(K),qtn,tx(K),qtx,tm(K),qtm
20220101 ,2.9, 255 ,   , 5 ,   , 5 , 23.0, 255 , 31.9, 255 ,25.9, 255 
20220102 ,7.4, 255 ,   , 5 ,   , 5 , 23.4, 255 , 32.3, 255 ,26.3, 255 
20220103 ,6.0, 255 ,   , 5 ,   , 5 , 22.8, 255 , 28.4, 255 ,24.7, 255 
20220104 ,3.3, 255 ,   , 5 ,   , 5 , 21.7, 255 , 32.1, 255 ,25.8, 255 
20220105 ,1.4, 255 ,   , 5 ,   , 5 , 22.8, 255 , 31.5, 255 ,26.4, 255 
20220106 ,0.2, 255 ,   , 5 ,   , 5 , 22.9, 255 , 31.9, 255 ,26.3, 255 
20220107 ,0.1, 255 ,   , 5 ,   , 5 , 23.3, 255 , 31.7, 255 ,26.9, 255 
20220108 ,7.4, 255 ,   , 5 ,   , 5 , 22.5, 255 , 31.1, 255 ,25.9, 255 
20220109 ,3.8, 255 ,   , 5 ,   , 5 , 22.2, 255 , 26.7, 255 ,24.6, 255 
20220110 ,0.5, 255 ,   , 5 ,   , 5 , 22.2, 255 , 32.1, 255 ,26.1, 255 
20220111 ,16.6, 255 ,   , 5 ,   , 5 , 22.4, 255 , 30.7, 255 ,25.7, 255 
20220112 ,0.0, 255 ,   , 5 ,   , 5 , 23.5, 255 , 30.5, 255 ,25.3, 255 
20220113 ,38.3, 255 ,   , 5 ,   , 5 , 21.2, 255 , 32.1, 255 ,25.7, 255 
20220114 ,0.8, 255 ,   , 5 ,   , 5 , 22.1, 255 , 32.9, 255 ,25.6, 255 
20220115 ,1.4, 255 ,   , 5 ,   , 5 , 22.2, 255 , 32.8, 255 ,25.8, 255 
20220116 ,29.0, 255 ,   , 5 ,   , 5 , 21.3, 255 , 30.6, 255 ,25.4, 255 
20220117 ,12.4, 255 ,   , 5 ,   , 5 , 22.0, 255 , 31.7, 255 ,26.3, 255 
20220118 ,41.1, 255 ,   , 5 ,   , 5 , 22.6, 255 , 28.7, 255 ,24.9, 255 
20220119 ,5.0, 255 ,   , 5 ,   , 5 , 22.0, 255 , 32.7, 255 ,25.5, 255 
20220120 ,19.4, 255 ,   , 5 ,   , 5 , 22.1, 255 , 33.3, 255 ,26.8, 255 
20220121 ,0.0, 255 ,   , 5 ,   , 5 , 22.7, 255 , 33.9, 255 ,26.9, 255 
20220122 ,4.0, 255 ,   , 5 ,   , 5 , 22.4, 255 , 33.9, 255 ,27.3, 255 
20220123 ,  , 255 ,   , 5 ,   , 5 ,   , 255 ,  , 255 , , 255 
20220124 ,1.2, 255 ,   , 5 ,   , 5 , 23.2, 255 , 33.5, 255 ,26.1, 255 
20220125 ,25.1, 255 ,   , 5 ,   , 5 , 24.2, 255 , 33.5, 255 ,26.6, 255 
20220126 ,25.2, 255 ,   , 5 ,   , 5 , 23.9, 255 , 33.6, 255 ,26.8, 255 
20220127 ,4.0, 255 ,   , 5 ,   , 5 , 23.8, 255 , 30.6, 255 ,25.7, 255 
20220128 ,4.1, 255 ,   , 5 ,   , 5 , 23.7, 255 , 30.3, 255 ,25.2, 255 
20220129 ,27.7, 255 ,   , 5 ,   , 5 , 22.9, 255 , 26.9, 255 ,24.4, 255 
20220130 ,  , 255 ,   , 5 ,   , 5 ,   , 255 ,  , 255 , , 255 
20220131 ,1.4, 255 ,   , 5 ,   , 5 , 23.5, 255 , 31.9, 255 ,26.3, 255 

